.Random.seed <-
c(10403L, 10L, -1006732875L, -1464838324L, -846934622L, 1106926845L, 
-1583824393L, 288493342L, 355209688L, -2021110981L, -385450791L, 
782413928L, -261106282L, 743959825L, 207789763L, -948470062L, 
-1683175580L, 2054036135L, 948773885L, -1788070412L, -887057702L, 
-1237744603L, -1024071361L, 763440838L, 2094474064L, -770655373L, 
-437678703L, -854847552L, -1141683810L, 769348457L, -874764389L, 
10448554L, -880826164L, -40355441L, 1394634181L, -2069057156L, 
1003086290L, -109167283L, -1335017465L, 2061103086L, 443848392L, 
-1451546165L, -989643735L, 21858936L, 1432115110L, 1219027393L, 
-438880685L, 307420418L, -76714956L, 193531319L, 235741613L, 
-738827580L, -613714198L, -1385719467L, 1017999087L, -1207350026L, 
-1842709472L, 744111587L, 697441921L, -272852752L, -597911666L, 
546400505L, -1885801845L, -949333318L, 1435639228L, 505595647L, 
333154901L, -129979028L, 1120544194L, -65419747L, -815923561L, 
842856446L, 183878584L, -1568120933L, 530875897L, -106134200L, 
1898713206L, 1963892145L, 1807926243L, 1299808434L, -1919243004L, 
1010822727L, -735356643L, 624842644L, 510663482L, 1739335557L, 
1383961695L, 294608614L, 1923753328L, 1395658387L, -1398294735L, 
311651808L, 11836030L, -1524365047L, 746974011L, 438018826L, 
224193260L, 165898095L, 297289893L, -575528356L, -1139305934L, 
1802492205L, -1238982681L, -887953650L, 1205041384L, 583240427L, 
-1404075127L, 216588056L, 1653834310L, -428399967L, -611187405L, 
-562414430L, -1067109484L, -737236457L, -760828403L, 2055883556L, 
-460466422L, 1871477365L, 1175448015L, 1804563158L, -561768832L, 
1854314691L, -906766751L, -330567984L, 825800750L, 1521176025L, 
-585158165L, -1578060710L, 874303004L, -2096578785L, 202920821L, 
-1996154356L, 1792908258L, -1118148419L, 1083774775L, 926539742L, 
2129956120L, -478060421L, -473860583L, 506666664L, 182316118L, 
-1966642991L, 1842369667L, 1389967122L, -1590816092L, 1766940263L, 
1040347069L, -43171532L, -860069222L, 2140627173L, 673653375L, 
-1479128058L, 1342177168L, -1303322061L, -383731247L, 1207888768L, 
-207927714L, -96526935L, -1319138213L, -66079638L, -503313140L, 
162860879L, -679949307L, 1909707452L, 760546194L, -242171763L, 
-1485596985L, -603308114L, 269945352L, -1099895285L, 351184617L, 
335143352L, -1892262298L, -1130267903L, 1155419539L, -2098420158L, 
1708390900L, -519560201L, -1650976787L, 353472644L, -57989462L, 
-209224683L, -1932063569L, 610484918L, 1364197600L, -587158493L, 
-1746439359L, -132637136L, -148603826L, -1792731975L, -1222864693L, 
2107653498L, -1383276420L, -425818945L, -187559531L, 480360876L, 
1385720706L, -1989144227L, 2114965591L, 857040702L, 283242360L, 
-1900051365L, 1440093113L, 1133163016L, 65714358L, -1488297999L, 
1932143139L, 1078395506L, 205863108L, -1305366905L, 858777181L, 
-57325484L, 1677335162L, -2058583611L, 1609192223L, -673046874L, 
2068746288L, -235007277L, -1746843407L, 1198732320L, -231419202L, 
-290875703L, 98743419L, 1597778506L, -472920404L, 258148783L, 
-43015835L, 253570844L, -1017326734L, -96295750L, 1094528912L, 
-1547168276L, -903757740L, -649339246L, -1858602208L, 1412238796L, 
1726249952L, -335985982L, -317908440L, -1633272148L, -1769860420L, 
147943922L, 135448880L, -1639535452L, -325606728L, 851143514L, 
1001074064L, -289951364L, 1162726676L, -632936126L, -574758144L, 
447536060L, 516840272L, -1974361822L, 695688520L, -1051625460L, 
-1792280484L, -1562385198L, -1784625152L, -1580606636L, 251773416L, 
1608611834L, 43136720L, 224863532L, 243542260L, -1602852974L, 
-846783392L, 1705254156L, 1286555360L, -1859093150L, -1864228184L, 
1464523340L, -829499524L, -1096799438L, -1558503824L, -107242172L, 
-1980515368L, 1163653242L, 1174021680L, -1595782468L, 1428457300L, 
217561666L, 188214176L, -1239013188L, -1483398704L, 1930159458L, 
1816663016L, -91220020L, -1928210692L, -954757134L, 1071479936L, 
905672948L, -1258769272L, 629892410L, 724517712L, 834022508L, 
1970200724L, -931546798L, -62701856L, 526979276L, 1665587360L, 
1087461762L, 715847912L, 719689964L, -1461053380L, 250388594L, 
-1867241360L, -508435932L, -2048548296L, -1471960550L, -1688334128L, 
88913468L, -1346286444L, 620008578L, -1457911872L, 1759882556L, 
-1445937520L, -451423198L, -775843832L, 2110241932L, 151961628L, 
705733778L, -380220288L, 1944503316L, -828775640L, 855643194L, 
38776016L, -118016916L, -992831820L, -86188014L, 253149152L, 
344099788L, -1361592864L, -1898148830L, -489007832L, 186472716L, 
1554894396L, -1577597710L, 929134832L, -1214859452L, 2106191960L, 
-836894150L, -279623440L, -883907908L, -1081914860L, 457551042L, 
-1920977312L, -877296260L, -1497537328L, -1540049886L, 531187880L, 
1719311756L, -501177924L, -1010956238L, 1209815872L, 587734708L, 
15438152L, 1750807226L, 1203142416L, 1272250604L, 1518549076L, 
1446037266L, -75243104L, 19883980L, 1112678240L, -493376318L, 
-1849766360L, 1708091820L, 2069046076L, 343499634L, -140800208L, 
-208306140L, -1451409864L, 1871942362L, 1565054864L, -1238633220L, 
-1829548652L, 1955431234L, 2127481344L, 1499564092L, 201179728L, 
-192266078L, -185482424L, -1853998580L, 911284956L, -480202670L, 
733973632L, -1830467756L, -972636184L, -1538968838L, -2058598576L, 
2034951212L, 1284983156L, -1202868590L, 587653728L, 137474188L, 
779637088L, 291739874L, -692228952L, -1992894772L, 2074204668L, 
1130007474L, 308757488L, 2067562948L, 1594703192L, -69668486L, 
-665030224L, -300144196L, 2002714196L, -1100932670L, -1925627104L, 
131216316L, 305320016L, -2118099998L, 1109294952L, -1842522292L, 
1185230588L, -1612200206L, -1904902912L, -1541702540L, 1120562696L, 
-1725553222L, -490068528L, 1389029356L, 1876077460L, 1506568402L, 
-1434233760L, 536841548L, 523399968L, 1255418498L, -1335307800L, 
1575902188L, 1384992316L, 1034831474L, -1667994768L, 951979300L, 
268409400L, 2134802842L, 375508432L, 1191036348L, 825560724L, 
1016263298L, 1736560064L, 2038847292L, 1528406672L, -1377392862L, 
-786414072L, -1972509940L, 788919196L, 897793042L, -1136391296L, 
-1218966764L, -299887320L, -438460358L, -2014415920L, -1634706836L, 
731137891L, 1987804965L, 484209858L, -946921040L, 941890009L, 
-222939317L, -543646276L, 439348714L, 694049311L, -1841745751L, 
1791039550L, -1245128404L, -1961716867L, 1381845447L, 1533267120L, 
-1719555378L, -1036312581L, 1129670749L, 1699303306L, 974389160L, 
2062595345L, -811291645L, -1779562748L, 323996466L, 640584071L, 
1384812497L, 1490395478L, -293978316L, 349413957L, -932991345L, 
284952584L, 901258278L, -771631917L, 1480603189L, -244003438L, 
2084573536L, 786188489L, -2091848709L, -290223156L, 850388570L, 
1197271887L, -2134760935L, -1005002706L, -523964868L, 1748009901L, 
-312726441L, 1579485600L, -1843514626L, -369065525L, 111749069L, 
1533381370L, 1930096952L, -262448415L, 101756307L, 1645761972L, 
-1933875518L, -557873449L, 1226057505L, 1842732774L, -803178524L, 
1494943509L, 849944383L, -1074767144L, -1883357450L, -343893757L, 
1314753093L, -1299674526L, 1713670608L, 843298553L, -1097628629L, 
-754105444L, 806804426L, -1821313857L, 1467553289L, -950690018L, 
-124819764L, -1874016611L, -605007065L, 63470928L, -1923103762L, 
658844827L, -1008941315L, -946418198L, -387654008L, -1906227151L, 
-1763192157L, -963511644L, -941888686L, 875553447L, -574013711L, 
-436154826L, 1185780436L, -790796699L, -1220103057L, -2084303192L, 
-687379450L, -1973200589L, 846923157L, 301369842L, -16783808L, 
902268841L, 137275931L, -1165466644L, -1431174150L, 971943983L, 
-1476288455L, -1061948850L, 1722110620L, 2105997325L, 1844585591L, 
1319433344L, 1025598174L, 2145554859L, -70481235L, 33836826L, 
-676540456L, -538403775L, -387396877L, 348491028L, -1367746398L, 
45266359L, 170264961L, -1268945018L, -63799868L, 2087853301L, 
603551071L, -712067144L, 621181590L, -1861376861L, 1570102885L, 
-1913812094L, 1926916336L, -428240743L, -228988789L, -417574532L, 
1824509866L, 1129017311L, -293937815L, -1527160450L, 718057836L, 
-2064127555L, -1662756217L, 41049712L, -140958450L, -606426565L, 
82514205L, 1894474698L, -674554648L, -163725359L, 553284035L, 
